0
0
0
0
0
0
680
520
520
520
490
520
520
520
520
680
520
520
520
530
700
680
520
530
500
520
520
520
480
520
670
520
480
520
520
520
530
520
520
1070
520
520
680
530
530
700
520
520
500
520
520
450
520
480
510
520
520
680
520
680
500
490
510
500
630
520
500
520
520
520
520
680
480
530
520
500
510
520
520
510
700
510
520
490
510
490
640
520
680
680
520
530
520
530
480
500
510
630
530
650
460
480
500
490
650
460
520
480
510
500
520
530
650
650
490
500
460
470
460
440
490
460
690
490
470
480
460
490
460
490
480
470
490
460
410
520
520
520
500
520
520
470
480
540
510
500
530
520
490
510
490
660
490
520
490
490
490
470
490
470
490
470
530
380
520
370
370
380
370
1140
1220
1140
1250
920
1540
970
1090
1150
1460
1240
1180
1120
1200
1190
1180
1040
1130
1260
1340
1140
560
370
380
380
380
320
380
550
380
370
380
380
570
350
380
350
340
340
330
340
340
360
380
380
380
370
360
380
380
360
370
370
370
380
540
380
380
380
360
360
550
560
560
380
540
380
370
380
570
380
380
370
360
530
380
360
350
390
360
370
360
360
360
370
380
380
380
390
560
380
380
560
380
380
380
380
380
380
380
560
380
380
380
380
380
380
380
380
380
380
380
380
380
560
380
560
390
380
380
380
380
380
380
380
380
380
390
380
380
380
380
390
380
380
380
380
380
390
380
380
380
390
380
380
380
380
380
390
380
380
390
380
380
390
390
380
380
380
380
380
380
380
380
380
380
380
380
390
390
380
360
380
360
380
380
380
380
380
380
380
380
360
380
400
390
400
370
380
380
360
350
360
360
380
380
360
390
370
380
370
390
390
380
370
360
400
380
380
360
380
390
380
390
400
390
380
380
380
380
380
340
360
380
370
380
370
350
200
200
1190
1310
1230
1290
1240
1260
1270
1360
1200
1100
1180
1380
1340
1770
1410
1340
1100
1180
1190
1030
1150
380
380
380
380
380
380
380
380
380
390
380
380
380
380
380
